<?xml version='1.0' encoding='utf-8'?>
<svg xmlns="http://www.w3.org/2000/svg" width="100%" height="100%"><svg width="100%" height="100%" overflow="visible" id="layer_0000" viewBox="0 0 58.95 17.86"><desc>Dir:[0, 1, 0] | layer_num:1 |layer-thickness:1.000 | Length_Dir:0.500</desc><polygon points="16.42,6.06 14.55,6.15 13.55,5.84 12.65,5.29 11.48,3.83 11.07,2.00 2.00,2.00 2.00,12.86 5.00,15.86 42.16,15.86 42.52,14.05 43.55,12.52 44.46,11.80 45.30,11.41 47.13,11.14 48.92,11.59 50.40,12.69 51.27,14.05 51.63,15.86 56.95,15.86 56.94,7.71 56.60,5.98 55.94,4.67 54.98,3.55 53.78,2.71 52.41,2.18 50.95,2.00 19.49,2.00 19.24,3.44 18.64,4.54 17.74,5.42" fill="none" stroke="black" stroke-width="0.5" />
<polygon points="30.25,7.44 29.77,7.15 29.31,6.97 28.81,6.91 28.41,6.96 28.06,7.11 27.75,7.40 27.56,7.78 27.49,8.19 27.54,8.70 27.70,9.17 27.97,9.66 28.27,10.03 28.61,10.36 29.08,10.67 29.55,10.86 30.06,10.95 30.35,10.94 30.59,10.89 30.84,10.78 31.06,10.62 31.23,10.43 31.35,10.19 31.42,9.95 31.46,9.67 31.44,9.35 31.39,9.07 31.16,8.49 30.76,7.92" fill="none" stroke="black" stroke-width="0.5" />
</svg><svg width="100%" height="100%" overflow="visible" id="layer_0001" viewBox="0 0 58.95 17.86"><desc>Dir:[0, 1, 0] | layer_num:2 |layer-thickness:1.000 | Length_Dir:1.500</desc><polygon points="16.42,6.06 14.55,6.15 13.55,5.84 12.65,5.29 11.48,3.83 11.07,2.00 2.00,2.00 2.00,12.86 5.00,15.86 42.16,15.86 42.52,14.05 43.55,12.52 44.46,11.80 45.30,11.41 47.13,11.14 48.92,11.59 50.40,12.69 51.27,14.05 51.63,15.86 56.95,15.86 56.94,7.71 56.60,5.98 55.94,4.67 54.98,3.55 53.78,2.71 52.41,2.18 50.95,2.00 19.49,2.00 19.24,3.44 18.64,4.54 17.74,5.42" fill="none" stroke="black" stroke-width="0.5" />
<polygon points="28.41,10.18 28.80,10.49 29.27,10.76 29.73,10.91 30.21,10.96 30.59,10.89 30.94,10.72 31.23,10.43 31.39,10.08 31.46,9.67 31.43,9.26 31.29,8.79 31.04,8.30 30.68,7.83 30.34,7.51 29.87,7.19 29.40,7.00 29.13,6.93 28.81,6.91 28.54,6.93 28.25,7.01 28.01,7.14 27.81,7.32 27.67,7.52 27.56,7.78 27.50,8.04 27.49,8.35 27.54,8.70 27.62,8.98 27.79,9.37 27.97,9.66" fill="none" stroke="black" stroke-width="0.5" />
</svg><svg width="100%" height="100%" overflow="visible" id="layer_0002" viewBox="0 0 58.95 17.86"><desc>Dir:[0, 1, 0] | layer_num:3 |layer-thickness:1.000 | Length_Dir:2.500</desc><polygon points="16.42,6.06 17.74,5.42 18.64,4.54 19.24,3.44 19.49,2.00 50.95,2.00 52.41,2.18 53.78,2.71 54.98,3.55 55.94,4.67 56.60,5.98 56.94,7.71 56.95,15.86 51.63,15.86 51.27,14.05 50.40,12.69 48.92,11.59 47.13,11.14 45.30,11.41 44.46,11.80 43.55,12.52 42.52,14.05 42.16,15.86 5.00,15.86 2.00,12.86 2.00,2.00 11.07,2.00 11.48,3.83 12.65,5.29 13.55,5.84 14.55,6.15" fill="none" stroke="black" stroke-width="0.5" />
<polygon points="30.45,10.93 30.80,10.81 31.09,10.60 31.31,10.29 31.42,9.95 31.46,9.59 31.41,9.17 31.25,8.69 31.04,8.30 30.76,7.92 30.43,7.58 30.06,7.31 29.58,7.06 29.13,6.93 28.74,6.91 28.36,6.97 28.06,7.11 27.84,7.29 27.67,7.52 27.56,7.78 27.49,8.11 27.50,8.43 27.56,8.79 27.70,9.17 27.91,9.57 28.19,9.94 28.43,10.20 28.70,10.43 29.08,10.67 29.46,10.83 29.81,10.93 30.14,10.96" fill="none" stroke="black" stroke-width="0.5" />
</svg><svg width="100%" height="100%" overflow="visible" id="layer_0003" viewBox="0 0 58.95 17.86"><desc>Dir:[0, 1, 0] | layer_num:4 |layer-thickness:1.000 | Length_Dir:3.500</desc><polygon points="29.50,10.85 29.18,10.72 28.89,10.56 28.52,10.28 28.27,10.03 27.85,9.47 27.70,9.17 27.56,8.79 27.51,8.52 27.49,8.19 27.52,7.91 27.62,7.62 27.75,7.40 27.93,7.21 28.15,7.06 28.41,6.96 28.81,6.91 29.22,6.95 29.68,7.10 30.15,7.37 30.60,7.74 30.91,8.10 31.21,8.59 31.39,9.07 31.46,9.51 31.42,9.95 31.28,10.34 31.06,10.62 30.75,10.83 30.35,10.94 29.90,10.94" fill="none" stroke="black" stroke-width="0.5" />
<polygon points="16.42,6.06 14.55,6.15 13.55,5.84 12.65,5.29 11.48,3.83 11.07,2.00 2.00,2.00 2.00,12.86 5.00,15.86 42.16,15.86 42.52,14.05 43.55,12.52 44.46,11.80 45.30,11.41 47.13,11.14 48.92,11.59 50.40,12.69 51.27,14.05 51.63,15.86 56.95,15.86 56.94,7.71 56.60,5.98 55.94,4.67 54.98,3.55 53.78,2.71 52.41,2.18 50.95,2.00 19.49,2.00 19.24,3.44 18.64,4.54 17.74,5.42" fill="none" stroke="black" stroke-width="0.5" />
</svg><svg width="100%" height="100%" overflow="visible" id="layer_0004" viewBox="0 0 58.95 17.86"><desc>Dir:[0, 1, 0] | layer_num:5 |layer-thickness:1.000 | Length_Dir:4.500</desc><polygon points="16.42,6.06 14.55,6.15 13.55,5.84 12.65,5.29 11.48,3.83 11.07,2.00 2.00,2.00 2.00,12.86 5.00,15.86 42.16,15.86 42.52,14.05 43.55,12.52 44.46,11.80 45.30,11.41 47.13,11.14 48.92,11.59 50.40,12.69 51.27,14.05 51.63,15.86 56.95,15.86 56.94,7.71 56.60,5.98 55.94,4.67 54.98,3.55 53.78,2.71 52.41,2.18 50.95,2.00 19.49,2.00 19.24,3.44 18.64,4.54 17.74,5.42" fill="none" stroke="black" stroke-width="0.5" />
<polygon points="30.24,7.44 29.77,7.15 29.31,6.97 28.81,6.91 28.41,6.96 28.06,7.11 27.75,7.40 27.56,7.78 27.49,8.19 27.54,8.70 27.70,9.17 27.97,9.66 28.27,10.03 28.61,10.36 29.08,10.67 29.55,10.86 30.06,10.95 30.35,10.94 30.59,10.89 30.84,10.78 31.06,10.62 31.23,10.43 31.35,10.19 31.42,9.95 31.46,9.67 31.44,9.35 31.39,9.07 31.16,8.49 30.76,7.92" fill="none" stroke="black" stroke-width="0.5" />
</svg><svg width="100%" height="100%" overflow="visible" id="layer_0005" viewBox="0 0 58.95 17.86"><desc>Dir:[0, 1, 0] | layer_num:6 |layer-thickness:1.000 | Length_Dir:5.500</desc><polygon points="16.42,6.06 14.55,6.15 13.55,5.84 12.65,5.29 11.48,3.83 11.07,2.00 2.00,2.00 2.00,12.86 5.00,15.86 42.16,15.86 42.52,14.05 43.55,12.52 44.46,11.80 45.30,11.41 47.13,11.14 48.92,11.59 50.40,12.69 51.27,14.05 51.63,15.86 56.95,15.86 56.94,7.71 56.60,5.98 55.94,4.67 54.98,3.55 53.78,2.71 52.41,2.18 50.95,2.00 19.49,2.00 19.24,3.44 18.64,4.54 17.74,5.42" fill="none" stroke="black" stroke-width="0.5" />
<polygon points="30.24,7.44 29.77,7.15 29.31,6.97 28.81,6.91 28.41,6.96 28.06,7.11 27.75,7.40 27.56,7.78 27.49,8.19 27.54,8.70 27.70,9.17 27.97,9.66 28.27,10.03 28.61,10.36 29.08,10.67 29.55,10.86 30.06,10.95 30.35,10.94 30.59,10.89 30.84,10.78 31.06,10.62 31.23,10.43 31.35,10.19 31.42,9.95 31.46,9.67 31.44,9.35 31.39,9.07 31.16,8.49 30.76,7.92" fill="none" stroke="black" stroke-width="0.5" />
</svg></svg>