<?xml version='1.0' encoding='utf-8'?>
<svg xmlns="http://www.w3.org/2000/svg" width="100%" height="100%"><svg width="100%" height="100%" overflow="visible" id="layer_0000" viewBox="0 0 49.00 49.00"><polygon points="44.90,19.46 45.42,22.56 45.51,24.50 45.41,26.58 45.12,28.52 44.68,30.37 43.45,33.59 41.71,36.56 40.50,38.12 39.25,39.46 36.85,41.50 33.18,43.73 16.04,43.78 13.72,42.53 12.14,41.49 9.97,39.67 8.44,38.05 6.77,35.78 5.81,34.11 4.92,32.12 4.07,29.43 3.69,27.38 3.51,25.42 3.64,21.97 4.34,18.59 4.95,16.79 5.74,15.04 6.78,13.22 7.90,11.62 9.99,9.31 12.26,7.43 15.82,5.27 32.96,5.22 35.28,6.46 36.83,7.49 39.01,9.31 40.55,10.95 42.22,13.22 43.18,14.88 44.07,16.85" fill="none" stroke="black" stroke-width="0.5" />
<polygon points="17.54,47.00 4.18,47.00 3.98,46.82 2.00,26.23 2.00,22.77 3.98,2.18 4.18,2.00 46.80,2.00 47.00,2.20 47.00,46.80 46.80,47.00" fill="none" stroke="black" stroke-width="0.5" />
</svg><svg width="100%" height="100%" overflow="visible" id="layer_0001" viewBox="0 0 49.00 49.00"><polygon points="14.12,2.00 4.18,2.00 3.98,2.18 2.00,22.77 2.00,26.23 3.98,46.82 4.18,47.00 46.80,47.00 47.00,46.80 47.00,2.20 46.80,2.00" fill="none" stroke="black" stroke-width="0.5" />
<polygon points="39.40,39.31 37.62,40.91 36.22,41.94 33.07,43.76 15.93,43.76 13.60,42.46 12.08,41.45 9.47,39.18 7.28,36.53 6.35,35.08 5.19,32.79 4.38,30.54 3.91,28.70 3.56,26.28 3.49,24.44 3.56,22.73 3.93,20.20 4.40,18.39 5.24,16.10 6.86,13.08 8.39,11.01 9.54,9.74 12.15,7.50 13.59,6.54 15.93,5.24 33.07,5.24 35.41,6.54 36.85,7.50 39.46,9.74 40.61,11.01 42.14,13.08 43.01,14.56 44.07,16.86 45.09,20.33 45.44,22.73 45.51,24.45 45.44,26.28 45.09,28.68 44.68,30.34 43.81,32.79 42.65,35.09 41.72,36.53" fill="none" stroke="black" stroke-width="0.5" />
</svg><svg width="100%" height="100%" overflow="visible" id="layer_0002" viewBox="0 0 49.00 49.00"><polygon points="45.49,23.58 45.36,27.01 44.68,30.37 43.51,33.44 42.20,35.82 40.13,38.55 38.28,40.36 36.22,41.94 33.07,43.76 15.93,43.76 13.57,42.45 11.38,40.91 9.46,39.18 7.78,37.23 6.35,35.08 5.19,32.79 4.32,30.37 3.76,27.86 3.50,25.30 3.65,21.87 4.36,18.52 5.60,15.32 6.86,13.08 8.96,10.36 10.80,8.57 12.86,7.01 15.93,5.24 33.07,5.24 35.42,6.55 37.54,8.02 39.45,9.74 41.15,11.68 42.59,13.81 43.76,16.10 44.64,18.52 45.22,21.03" fill="none" stroke="black" stroke-width="0.5" />
<polygon points="42.48,2.00 46.80,2.00 47.00,2.20 47.00,46.80 46.80,47.00 4.18,47.00 3.98,46.82 2.00,26.23 2.00,22.77 3.98,2.18 4.18,2.00" fill="none" stroke="black" stroke-width="0.5" />
</svg><svg width="100%" height="100%" overflow="visible" id="layer_0003" viewBox="0 0 49.00 49.00"><polygon points="34.76,47.00 4.18,47.00 3.98,46.82 2.00,26.23 2.00,22.77 3.98,2.18 4.18,2.00 46.80,2.00 47.00,2.20 47.00,46.80 46.80,47.00" fill="none" stroke="black" stroke-width="0.5" />
<polygon points="30.67,5.29 15.93,5.24 12.16,7.50 10.81,8.56 8.96,10.36 6.86,13.08 5.99,14.56 4.91,16.89 3.94,20.18 3.65,21.87 3.49,24.44 3.63,26.90 3.91,28.70 4.32,30.36 5.19,32.79 6.29,34.97 7.27,36.53 9.46,39.17 12.06,41.43 13.51,42.41 15.93,43.76 33.07,43.76 35.49,42.41 36.94,41.43 39.54,39.17 40.69,37.90 42.21,35.82 43.45,33.57 44.13,31.99 44.71,30.26 45.24,27.86 45.50,25.30 45.49,23.58 45.33,21.79 44.87,19.34 44.09,16.89 43.40,15.32 42.14,13.08 40.61,11.01 38.83,9.14 37.53,8.02 35.40,6.54 33.07,5.24" fill="none" stroke="black" stroke-width="0.5" />
</svg><svg width="100%" height="100%" overflow="visible" id="layer_0004" viewBox="0 0 49.00 49.00"><polygon points="17.38,47.00 46.80,47.00 47.00,46.80 47.00,2.20 46.80,2.00 4.18,2.00 3.98,2.18 2.00,22.77 2.00,26.23 3.98,46.82 4.18,47.00" fill="none" stroke="black" stroke-width="0.5" />
<polygon points="4.30,30.29 3.76,27.85 3.55,26.15 3.56,22.72 4.13,19.34 4.91,16.89 5.60,15.32 7.35,12.36 9.55,9.73 12.16,7.49 15.93,5.24 33.07,5.24 35.40,6.54 37.53,8.01 38.83,9.13 40.61,11.01 41.65,12.37 43.01,14.55 43.76,16.10 44.64,18.51 45.35,21.87 45.49,23.58 45.45,26.15 45.09,28.69 44.68,30.36 43.46,33.56 42.21,35.81 41.22,37.22 38.93,39.78 36.15,41.98 33.07,43.76 15.93,43.76 13.57,42.45 12.08,41.45 10.71,40.36 8.87,38.54 7.27,36.53 5.93,34.33 4.87,31.99" fill="none" stroke="black" stroke-width="0.5" />
</svg><svg width="100%" height="100%" overflow="visible" id="layer_0005" viewBox="0 0 49.00 49.00"><polygon points="28.69,2.00 46.80,2.00 47.00,2.20 47.00,46.80 46.80,47.00 4.18,47.00 3.98,46.82 2.00,26.23 2.00,22.77 3.98,2.18 4.18,2.00" fill="none" stroke="black" stroke-width="0.5" />
<polygon points="44.90,29.53 45.45,26.14 45.51,24.43 45.35,21.89 44.64,18.50 43.40,15.31 41.65,12.36 39.46,9.74 36.84,7.49 33.07,5.24 15.93,5.24 13.60,6.54 11.48,8.01 10.17,9.13 8.39,11.01 6.87,13.07 5.99,14.55 4.92,16.89 4.13,19.33 3.56,22.72 3.49,24.43 3.63,26.96 4.34,30.41 5.54,33.56 6.34,35.08 7.77,37.21 10.07,39.78 12.80,41.96 15.93,43.76 33.07,43.76 35.47,42.42 37.62,40.91 38.93,39.78 40.69,37.89 42.21,35.81 43.45,33.58 44.42,31.20" fill="none" stroke="black" stroke-width="0.5" />
</svg><svg width="100%" height="100%" overflow="visible" id="layer_0006" viewBox="0 0 49.00 49.00"><polygon points="41.13,11.65 43.14,14.81 44.09,16.90 44.71,18.75 45.29,21.44 45.48,23.41 45.49,25.34 45.31,27.39 44.93,29.43 44.38,31.31 43.68,33.08 42.74,34.93 41.69,36.58 40.50,38.12 39.12,39.59 37.62,40.91 35.29,42.53 32.96,43.78 15.82,43.73 12.92,42.04 11.37,40.91 9.27,38.97 7.87,37.35 6.77,35.77 5.74,33.96 4.94,32.17 4.29,30.25 3.71,27.54 3.52,25.57 3.51,23.52 3.69,21.59 4.08,19.55 4.62,17.69 5.33,15.90 6.28,14.04 7.32,12.40 8.58,10.79 9.93,9.36 11.38,8.09 13.71,6.47 16.04,5.22 33.18,5.27 36.07,6.96 37.58,8.06 39.67,9.96" fill="none" stroke="black" stroke-width="0.5" />
<polygon points="45.13,2.00 4.18,2.00 3.98,2.18 2.00,22.77 2.00,26.23 3.98,46.82 4.18,47.00 46.80,47.00 47.00,46.80 47.00,2.20 46.80,2.00" fill="none" stroke="black" stroke-width="0.5" />
</svg><svg width="100%" height="100%" overflow="visible" id="layer_0007" viewBox="0 0 49.00 49.00"><polygon points="34.25,30.37 36.25,30.17 36.77,30.08 37.39,29.82 37.70,29.62 38.18,29.20 38.67,28.61 39.05,28.01 39.49,27.13 39.77,26.29 39.94,25.42 40.00,24.51 39.94,23.61 39.79,22.83 39.52,21.95 39.06,21.01 38.70,20.44 38.18,19.80 37.80,19.44 37.50,19.25 36.87,18.96 36.25,18.83 30.89,18.31 30.37,18.31 30.02,18.36 29.36,18.57 28.81,18.89 28.21,19.39 27.63,20.01 27.09,20.75 26.74,21.39 26.31,22.43 26.10,23.29 26.00,24.37 26.05,25.27 26.32,26.59 26.65,27.44 27.11,28.28 27.77,29.15 28.17,29.56 28.81,30.11 29.25,30.38 29.58,30.51 30.25,30.68 30.89,30.69" fill="none" stroke="black" stroke-width="0.5" />
<polygon points="12.33,2.00 4.18,2.00 3.98,2.18 2.00,22.77 2.00,26.23 3.98,46.82 4.18,47.00 46.80,47.00 47.00,46.80 47.00,2.20 46.80,2.00" fill="none" stroke="black" stroke-width="0.5" />
</svg><svg width="100%" height="100%" overflow="visible" id="layer_0008" viewBox="0 0 49.00 49.00"><polygon points="20.39,41.61 3.63,43.21 3.98,46.82 4.18,47.00 46.80,47.00 47.00,46.80 47.00,39.03" fill="none" stroke="black" stroke-width="0.5" />
<polygon points="36.36,16.56 2.91,13.32 2.00,22.77 2.00,26.23 2.91,35.67 47.00,31.42 47.00,17.58" fill="none" stroke="black" stroke-width="0.5" />
<polygon points="8.87,2.00 46.80,2.00 47.00,2.20 47.00,9.97 3.63,5.79 3.98,2.18 4.18,2.00" fill="none" stroke="black" stroke-width="0.5" />
<polygon points="32.64,30.52 30.89,30.69 30.07,30.66 29.34,30.42 28.81,30.11 28.17,29.57 27.85,29.23 27.54,28.88 27.04,28.18 26.65,27.44 26.33,26.63 26.12,25.79 26.01,24.93 26.01,24.05 26.12,23.20 26.33,22.36 26.65,21.55 27.06,20.79 27.58,20.08 28.16,19.45 28.81,18.89 29.45,18.53 30.16,18.33 30.89,18.31 36.25,18.83 36.94,18.98 37.25,19.12 37.61,19.31 38.18,19.80 38.74,20.49 39.19,21.23 39.56,22.06 39.81,22.86 39.95,23.69 40.00,24.52 39.94,25.39 39.79,26.20 39.53,27.03 39.17,27.80 38.72,28.53 38.18,29.20 37.65,29.67 36.98,30.01 36.25,30.17" fill="none" stroke="black" stroke-width="0.5" />
</svg><svg width="100%" height="100%" overflow="visible" id="layer_0009" viewBox="0 0 49.00 49.00"><polygon points="8.83,34.14 2.82,34.74 2.00,26.23 2.00,22.77 2.82,14.28 47.00,18.51 47.00,30.49" fill="none" stroke="black" stroke-width="0.5" />
<polygon points="12.11,2.00 4.18,2.00 3.98,2.18 3.73,4.84 47.00,9.00 47.00,2.20 46.80,2.00" fill="none" stroke="black" stroke-width="0.5" />
<polygon points="12.11,47.00 4.18,47.00 3.98,46.82 3.73,44.16 47.00,40.00 47.00,46.80 46.80,47.00" fill="none" stroke="black" stroke-width="0.5" />
<polygon points="26.33,26.62 26.65,27.44 27.07,28.22 27.56,28.90 28.20,29.59 28.81,30.11 29.44,30.46 29.80,30.58 30.17,30.67 30.89,30.69 36.25,30.17 36.95,30.02 37.64,29.67 38.18,29.20 38.73,28.52 39.18,27.79 39.53,27.01 39.79,26.21 39.95,25.38 40.00,24.53 39.95,23.69 39.80,22.85 39.56,22.04 39.21,21.27 38.74,20.49 38.18,19.80 37.64,19.33 36.95,18.98 36.25,18.83 30.89,18.31 30.17,18.33 29.44,18.54 28.81,18.89 28.15,19.45 27.56,20.09 27.06,20.79 26.65,21.55 26.33,22.36 26.12,23.20 26.01,24.06 26.01,24.93 26.12,25.79" fill="none" stroke="black" stroke-width="0.5" />
</svg><svg width="100%" height="100%" overflow="visible" id="layer_0010" viewBox="0 0 49.00 49.00"><polygon points="18.87,6.30 47.00,9.00 47.00,2.20 46.80,2.00 4.18,2.00 3.98,2.18 3.73,4.84" fill="none" stroke="black" stroke-width="0.5" />
<polygon points="27.56,28.91 28.16,29.56 28.81,30.11 29.44,30.46 30.17,30.67 30.89,30.69 36.25,30.17 36.95,30.02 37.30,29.86 37.64,29.67 38.18,29.20 38.73,28.52 39.18,27.79 39.54,26.99 39.79,26.19 39.95,25.36 40.00,24.52 39.95,23.68 39.84,23.03 39.56,22.05 39.20,21.24 38.73,20.48 38.18,19.80 37.64,19.33 37.30,19.14 36.95,18.98 36.25,18.83 30.89,18.31 30.17,18.33 29.44,18.54 28.81,18.89 28.15,19.45 27.56,20.09 27.06,20.79 26.65,21.56 26.33,22.36 26.12,23.20 26.01,24.06 26.01,24.93 26.12,25.79 26.33,26.62 26.63,27.41 27.02,28.14" fill="none" stroke="black" stroke-width="0.5" />
<polygon points="14.52,33.59 47.00,30.49 47.00,18.51 2.82,14.28 2.00,22.77 2.00,26.23 2.82,34.74" fill="none" stroke="black" stroke-width="0.5" />
<polygon points="17.07,42.87 47.00,40.00 47.00,46.80 46.80,47.00 4.18,47.00 3.98,46.82 3.73,44.16" fill="none" stroke="black" stroke-width="0.5" />
</svg><svg width="100%" height="100%" overflow="visible" id="layer_0011" viewBox="0 0 49.00 49.00"><polygon points="24.61,47.00 4.18,47.00 3.98,46.82 3.63,43.21 47.00,39.03 47.00,46.80 46.80,47.00" fill="none" stroke="black" stroke-width="0.5" />
<polygon points="30.51,16.01 47.00,17.58 47.00,31.42 2.91,35.67 2.00,26.23 2.00,22.77 2.91,13.32" fill="none" stroke="black" stroke-width="0.5" />
<polygon points="37.93,2.00 4.18,2.00 3.98,2.18 3.63,5.79 47.00,9.97 47.00,2.20 46.80,2.00" fill="none" stroke="black" stroke-width="0.5" />
<polygon points="39.53,27.02 39.17,27.80 38.71,28.54 38.18,29.20 37.61,29.69 36.94,30.02 36.25,30.17 30.89,30.69 30.16,30.67 29.45,30.47 28.81,30.11 28.16,29.56 27.61,28.96 27.05,28.19 26.68,27.51 26.33,26.63 26.12,25.79 26.01,24.93 26.01,24.06 26.12,23.20 26.33,22.36 26.65,21.56 27.06,20.79 27.56,20.09 28.15,19.45 28.81,18.89 29.43,18.54 29.74,18.43 30.14,18.33 30.89,18.31 36.25,18.83 36.98,18.99 37.65,19.33 38.18,19.80 38.72,20.46 39.18,21.21 39.54,22.00 39.80,22.84 39.95,23.69 40.00,24.52 39.95,25.34 39.79,26.18" fill="none" stroke="black" stroke-width="0.5" />
</svg><svg width="100%" height="100%" overflow="visible" id="layer_0012" viewBox="0 0 49.00 49.00"><polygon points="3.35,40.30 2.00,26.23 2.00,22.77 3.98,2.18 4.18,2.00 46.80,2.00 47.00,2.20 47.00,46.80 46.80,47.00 4.18,47.00 3.98,46.82" fill="none" stroke="black" stroke-width="0.5" />
<polygon points="39.09,21.05 39.51,21.94 39.78,22.79 39.92,23.47 40.00,24.53 39.90,25.64 39.78,26.22 39.51,27.07 39.09,27.95 38.67,28.61 38.18,29.20 37.80,29.56 37.50,29.75 36.87,30.04 36.25,30.17 30.89,30.69 30.37,30.69 29.71,30.56 29.36,30.43 28.81,30.11 28.22,29.61 27.66,29.03 27.07,28.22 26.62,27.39 26.32,26.60 26.09,25.59 26.00,24.37 26.10,23.29 26.31,22.43 26.57,21.76 27.09,20.74 27.67,19.97 28.22,19.39 28.81,18.89 29.36,18.57 29.71,18.44 30.37,18.31 30.89,18.31 36.25,18.83 36.77,18.92 37.39,19.18 37.70,19.38 38.18,19.80 38.67,20.39" fill="none" stroke="black" stroke-width="0.5" />
</svg><svg width="100%" height="100%" overflow="visible" id="layer_0013" viewBox="0 0 49.00 49.00"><polygon points="37.63,40.90 39.08,39.63 40.40,38.23 41.69,36.59 42.74,34.94 43.68,33.08 44.38,31.31 44.95,29.33 45.36,27.06 45.51,24.53 45.43,22.60 45.13,20.52 44.68,18.64 44.01,16.69 43.19,14.90 42.23,13.23 41.05,11.55 39.17,9.46 37.64,8.10 35.29,6.47 32.96,5.22 15.82,5.27 12.93,6.96 11.42,8.06 9.97,9.32 8.60,10.76 7.30,12.43 6.28,14.03 5.32,15.92 4.62,17.69 4.08,19.55 3.69,21.57 3.51,23.62 3.52,25.57 3.71,27.53 4.27,30.15 4.96,32.22 5.73,33.94 6.77,35.78 7.90,37.38 9.78,39.50 11.38,40.91 13.71,42.53 16.04,43.78 33.18,43.73 36.07,42.04" fill="none" stroke="black" stroke-width="0.5" />
<polygon points="22.93,2.00 46.80,2.00 47.00,2.20 47.00,46.80 46.80,47.00 4.18,47.00 3.98,46.82 2.00,26.23 2.00,22.77 3.98,2.18 4.18,2.00" fill="none" stroke="black" stroke-width="0.5" />
</svg><svg width="100%" height="100%" overflow="visible" id="layer_0014" viewBox="0 0 49.00 49.00"><polygon points="45.02,47.00 4.18,47.00 3.98,46.82 2.00,26.23 2.00,22.77 3.98,2.18 4.18,2.00 46.80,2.00 47.00,2.20 47.00,46.80 46.80,47.00" fill="none" stroke="black" stroke-width="0.5" />
<polygon points="24.45,43.71 15.93,43.76 13.53,42.42 12.10,41.46 10.71,40.35 8.87,38.54 7.27,36.53 5.93,34.33 4.87,32.00 4.10,29.53 3.64,27.00 3.50,25.29 3.56,22.72 3.94,20.17 4.62,17.69 5.25,16.09 6.41,13.80 7.85,11.68 9.54,9.74 11.47,8.01 13.60,6.54 15.93,5.24 33.07,5.24 36.22,7.06 38.93,9.23 41.23,11.78 43.06,14.64 44.40,17.75 45.24,21.15 45.45,22.85 45.49,25.42 45.06,28.83 44.38,31.31 43.76,32.91 42.13,35.93 41.15,37.32 39.46,39.26 36.84,41.51 33.07,43.76" fill="none" stroke="black" stroke-width="0.5" />
</svg><svg width="100%" height="100%" overflow="visible" id="layer_0015" viewBox="0 0 49.00 49.00"><polygon points="9.54,39.25 12.09,41.45 13.57,42.45 15.93,43.76 33.07,43.76 36.84,41.51 39.45,39.27 41.65,36.63 42.59,35.19 43.76,32.90 44.63,30.53 45.06,28.82 45.35,27.13 45.51,24.56 45.37,22.06 45.09,20.30 44.68,18.64 43.81,16.22 42.70,14.00 41.73,12.47 39.54,9.83 36.93,7.56 35.44,6.56 33.07,5.24 15.93,5.24 12.16,7.49 9.55,9.73 7.35,12.37 6.41,13.81 5.24,16.10 4.37,18.47 3.94,20.18 3.65,21.87 3.49,24.44 3.55,26.15 3.91,28.70 4.32,30.36 5.19,32.78 6.30,34.99 7.27,36.53" fill="none" stroke="black" stroke-width="0.5" />
<polygon points="2.41,18.49 3.98,2.18 4.18,2.00 46.80,2.00 47.00,2.20 47.00,46.80 46.80,47.00 4.18,47.00 3.98,46.82 2.00,26.23 2.00,22.77" fill="none" stroke="black" stroke-width="0.5" />
</svg><svg width="100%" height="100%" overflow="visible" id="layer_0016" viewBox="0 0 49.00 49.00"><polygon points="5.57,15.38 4.62,17.70 4.13,19.34 3.67,21.79 3.51,23.58 3.50,25.30 3.76,27.86 4.29,30.26 4.87,31.99 5.55,33.57 6.80,35.82 8.31,37.90 9.46,39.18 12.06,41.43 13.50,42.40 15.93,43.76 33.07,43.76 36.84,41.50 39.45,39.26 41.66,36.63 43.40,33.68 44.09,32.11 44.87,29.66 45.33,27.21 45.49,25.42 45.50,23.70 45.24,21.14 44.70,18.74 44.13,17.01 43.07,14.67 42.20,13.18 40.69,11.10 39.54,9.82 36.94,7.57 35.49,6.59 33.07,5.24 15.93,5.24 12.16,7.50 9.55,9.74 7.34,12.37" fill="none" stroke="black" stroke-width="0.5" />
<polygon points="2.81,34.61 3.98,46.82 4.18,47.00 46.80,47.00 47.00,46.80 47.00,2.20 46.80,2.00 4.18,2.00 3.98,2.18 2.00,22.77 2.00,26.23" fill="none" stroke="black" stroke-width="0.5" />
</svg><svg width="100%" height="100%" overflow="visible" id="layer_0017" viewBox="0 0 49.00 49.00"><polygon points="27.23,43.71 15.93,43.76 13.57,42.45 10.72,40.36 9.46,39.18 7.78,37.23 5.93,34.34 4.87,31.99 4.32,30.37 3.76,27.86 3.55,26.16 3.56,22.73 3.94,20.18 4.36,18.52 5.60,15.32 7.34,12.37 9.55,9.74 12.15,7.50 13.58,6.55 15.93,5.24 33.07,5.24 35.45,6.57 36.90,7.54 38.28,8.64 40.13,10.45 41.22,11.77 42.65,13.91 43.81,16.21 44.68,18.63 45.24,21.14 45.50,23.70 45.48,25.54 45.22,27.97 44.64,30.48 44.09,32.11 43.01,34.44 41.66,36.63 40.04,38.64 38.20,40.43 36.14,41.99 33.07,43.76" fill="none" stroke="black" stroke-width="0.5" />
<polygon points="10.24,2.00 46.80,2.00 47.00,2.20 47.00,46.80 46.80,47.00 4.18,47.00 3.98,46.82 2.00,26.23 2.00,22.77 3.98,2.18 4.18,2.00" fill="none" stroke="black" stroke-width="0.5" />
</svg><svg width="100%" height="100%" overflow="visible" id="layer_0018" viewBox="0 0 49.00 49.00"><polygon points="30.38,43.71 15.93,43.76 13.60,42.47 12.08,41.45 9.47,39.18 8.31,37.90 6.80,35.82 5.92,34.32 4.88,32.02 3.91,28.68 3.56,26.28 3.49,24.45 3.56,22.73 3.94,20.19 4.62,17.71 5.24,16.11 6.86,13.08 8.39,11.01 9.54,9.74 12.15,7.50 13.59,6.54 15.93,5.24 33.07,5.24 35.42,6.55 36.88,7.52 39.60,9.89 41.18,11.73 42.20,13.18 43.07,14.66 44.13,17.00 44.90,19.46 45.24,21.14 45.50,23.70 45.44,26.27 45.06,28.81 44.64,30.49 44.07,32.16 43.01,34.44 41.69,36.58 40.05,38.63 38.84,39.86 36.85,41.50 35.41,42.46 33.07,43.76" fill="none" stroke="black" stroke-width="0.5" />
<polygon points="2.36,18.99 2.00,22.77 2.00,26.23 3.98,46.82 4.18,47.00 46.80,47.00 47.00,46.80 47.00,2.20 46.80,2.00 4.18,2.00 3.98,2.18" fill="none" stroke="black" stroke-width="0.5" />
</svg><svg width="100%" height="100%" overflow="visible" id="layer_0019" viewBox="0 0 49.00 49.00"><polygon points="13.51,47.00 46.80,47.00 47.00,46.80 47.00,2.20 46.80,2.00 4.18,2.00 3.98,2.18 2.00,22.77 2.00,26.23 3.98,46.82 4.18,47.00" fill="none" stroke="black" stroke-width="0.5" />
<polygon points="30.86,5.29 33.18,5.27 36.07,6.96 37.58,8.06 39.19,9.47 41.04,11.55 42.24,13.24 43.30,15.11 44.34,17.57 44.93,19.60 45.33,21.76 45.49,23.64 45.48,25.63 45.20,28.09 44.66,30.44 44.08,32.13 43.25,33.97 42.22,35.79 41.11,37.37 39.70,39.01 38.27,40.37 36.83,41.51 35.28,42.54 32.96,43.78 15.82,43.73 12.14,41.49 10.69,40.33 9.13,38.83 7.77,37.21 6.76,35.76 5.82,34.12 4.99,32.29 4.32,30.37 3.88,28.52 3.58,26.41 3.49,24.50 3.58,22.56 3.84,20.68 4.33,18.61 4.93,16.86 5.86,14.80 6.78,13.22 7.90,11.62 9.30,9.99 10.73,8.63 12.17,7.49 13.72,6.46 16.04,5.22" fill="none" stroke="black" stroke-width="0.5" />
</svg></svg>