<?xml version='1.0' encoding='utf-8'?>
<svg xmlns="http://www.w3.org/2000/svg" width="100%" height="100%"><svg width="100%" height="100%" overflow="visible" id="layer_0000" viewBox="0 0 49.00 44.00"><polygon points="13.83,19.73 14.15,20.46 14.36,21.40 14.39,22.38 14.21,23.35 13.83,24.28 13.26,25.12 12.39,25.92 12.39,42.00 36.61,42.00 36.61,25.91 35.45,24.74 35.00,23.93 34.71,23.03 34.60,22.11 34.67,21.15 35.01,20.05 35.46,19.24 36.61,18.09 36.61,2.00 12.39,2.00 12.39,18.08 13.20,18.81" fill="none" stroke="black" stroke-width="0.5" />
</svg><svg width="100%" height="100%" overflow="visible" id="layer_0001" viewBox="0 0 49.00 44.00"><polygon points="16.68,30.79 16.69,42.00 2.00,42.00 2.00,2.00 16.69,2.00 16.69,16.00 32.31,16.00 32.31,2.00 47.00,2.00 47.00,42.00 32.31,42.00 32.31,28.00 16.69,28.00" fill="none" stroke="black" stroke-width="0.5" />
<circle cx="39.37" cy="22.09" r="4.85" fill="none" stroke="black" stroke-width="0.5" />
<polygon points="14.51,21.07 14.60,21.96 14.51,22.89 14.24,23.81 13.81,24.64 13.60,24.94 13.23,25.36 12.87,25.70 12.52,25.97 11.72,26.42 10.84,26.72 9.93,26.85 8.89,26.78 8.12,26.57 7.82,26.46 7.32,26.21 6.98,26.00 6.64,25.75 5.98,25.10 5.48,24.38 5.12,23.59 4.92,22.79 4.85,22.00 4.92,21.21 5.11,20.45 5.49,19.61 6.04,18.82 6.74,18.17 7.59,17.64 8.51,17.30 9.48,17.16 10.43,17.20 11.51,17.49 12.36,17.92 13.10,18.51 13.72,19.23 14.21,20.10" fill="none" stroke="black" stroke-width="0.5" />
</svg><svg width="100%" height="100%" overflow="visible" id="layer_0002" viewBox="0 0 49.00 44.00"><polygon points="37.05,2.00 36.13,2.00 36.13,16.00 12.87,16.00 12.87,2.00 2.00,2.00 2.00,42.00 12.87,42.00 12.87,28.00 36.13,28.00 36.13,42.00 47.00,42.00 47.00,2.00" fill="none" stroke="black" stroke-width="0.5" />
<circle cx="39.11" cy="22.00" r="4.86" fill="none" stroke="black" stroke-width="0.5" />
<polygon points="13.33,18.55 13.76,19.03 13.97,19.31 14.29,19.86 14.43,20.17 14.70,21.11 14.79,22.06 14.68,23.01 14.39,23.91 13.94,24.74 13.34,25.45 12.61,26.04 11.80,26.47 10.92,26.74 10.01,26.84 9.09,26.78 8.21,26.54 7.38,26.14 6.66,25.60 6.13,25.05 5.68,24.39 5.35,23.68 5.12,22.85 5.05,22.00 5.14,21.08 5.34,20.34 5.66,19.64 6.18,18.89 6.88,18.21 7.72,17.67 8.67,17.31 9.67,17.16 10.68,17.21 11.65,17.47 12.55,17.92 13.09,18.33" fill="none" stroke="black" stroke-width="0.5" />
</svg><svg width="100%" height="100%" overflow="visible" id="layer_0003" viewBox="0 0 49.00 44.00"><polygon points="22.28,28.00 38.68,28.00 38.68,42.00 47.00,42.00 47.00,2.00 38.68,2.00 38.68,16.00 10.32,16.00 10.32,2.00 2.00,2.00 2.00,42.00 10.32,42.00 10.32,28.00" fill="none" stroke="black" stroke-width="0.5" />
<polygon points="10.13,26.85 9.21,26.76 8.33,26.51 7.51,26.09 6.77,25.53 6.14,24.82 5.64,23.93 5.34,23.00 5.24,22.00 5.31,21.17 5.51,20.41 5.85,19.66 6.21,19.10 6.41,18.85 6.87,18.39 7.14,18.16 7.65,17.82 7.99,17.64 8.53,17.42 8.94,17.30 9.46,17.20 9.94,17.16 10.42,17.17 10.95,17.23 11.36,17.32 11.92,17.50 12.26,17.65 12.81,17.97 13.08,18.16 13.58,18.61 14.20,19.38 14.65,20.25 14.91,21.19 14.98,22.14 14.95,22.51 14.85,23.09 14.73,23.51 14.55,23.98 14.30,24.46 14.09,24.79 13.48,25.50 12.75,26.07 11.92,26.50 11.04,26.76" fill="none" stroke="black" stroke-width="0.5" />
<polygon points="43.71,22.60 43.69,22.85 43.46,23.68 43.09,24.46 42.54,25.22 42.00,25.74 41.38,26.17 40.47,26.58 39.69,26.78 39.46,26.81 38.74,26.84 38.38,26.82 37.82,26.72 37.30,26.58 36.92,26.43 36.28,26.10 35.48,25.47 34.88,24.76 34.44,23.97 34.15,23.09 34.02,22.17 34.08,21.23 34.17,20.83 34.32,20.32 34.50,19.91 34.74,19.46 35.00,19.09 35.33,18.69 35.65,18.39 36.06,18.05 36.42,17.83 36.91,17.57 37.28,17.43 37.87,17.26 38.23,17.20 38.86,17.15 39.18,17.17 39.85,17.25 40.80,17.54 41.66,18.01 42.41,18.65 43.00,19.40 43.49,20.42 43.70,21.21 43.76,22.00" fill="none" stroke="black" stroke-width="0.5" />
</svg><svg width="100%" height="100%" overflow="visible" id="layer_0004" viewBox="0 0 49.00 44.00"><polygon points="16.83,16.00 8.40,16.00 8.40,2.00 2.00,2.00 2.00,42.00 8.40,42.00 8.40,28.00 40.60,28.00 40.60,42.00 47.00,42.00 47.00,2.00 40.60,2.00 40.60,16.00" fill="none" stroke="black" stroke-width="0.5" />
<circle cx="10.25" cy="22.00" r="4.86" fill="none" stroke="black" stroke-width="0.5" />
<polygon points="33.85,21.50 33.83,22.26 33.98,23.18 34.29,24.05 34.75,24.84 35.35,25.52 36.07,26.08 36.88,26.50 37.82,26.77 38.68,26.85 39.59,26.76 40.46,26.52 41.27,26.11 42.00,25.56 42.60,24.90 42.98,24.31 43.28,23.65 43.49,22.84 43.57,22.00 43.46,21.00 43.22,20.21 43.06,19.85 42.78,19.36 42.55,19.04 42.17,18.61 41.88,18.33 41.41,17.98 41.08,17.78 40.53,17.51 40.20,17.39 39.58,17.23 39.27,17.19 38.58,17.16 38.32,17.17 37.39,17.33 36.50,17.68 35.69,18.19 35.00,18.85 34.44,19.64 34.06,20.54" fill="none" stroke="black" stroke-width="0.5" />
</svg><svg width="100%" height="100%" overflow="visible" id="layer_0005" viewBox="0 0 49.00 44.00"><polygon points="38.38,16.00 6.92,16.00 6.92,2.00 2.00,2.00 2.00,42.00 6.92,42.00 6.92,28.00 42.08,28.00 42.08,42.00 47.00,42.00 47.00,2.00 42.08,2.00 42.08,16.00" fill="none" stroke="black" stroke-width="0.5" />
<polygon points="12.16,17.45 11.50,17.26 11.23,17.21 10.28,17.16 9.33,17.29 8.43,17.61 7.60,18.10 6.90,18.72 6.32,19.50 5.90,20.38 5.71,21.11 5.62,22.00 5.70,22.85 5.87,23.53 6.04,23.94 6.45,24.70 7.04,25.42 7.76,26.01 8.63,26.48 9.45,26.73 10.36,26.84 11.28,26.78 12.17,26.55 13.00,26.16 13.75,25.61 14.42,24.87 14.94,23.97 15.20,23.25 15.26,22.98 15.35,22.31 15.36,21.97 15.32,21.35 15.25,20.97 15.09,20.40 14.94,20.02 14.67,19.51 14.45,19.17 14.08,18.72 13.80,18.45 13.33,18.06 13.03,17.86 12.46,17.57" fill="none" stroke="black" stroke-width="0.5" />
<circle cx="38.58" cy="22.01" r="4.86" fill="none" stroke="black" stroke-width="0.5" />
</svg><svg width="100%" height="100%" overflow="visible" id="layer_0006" viewBox="0 0 49.00 44.00"><polygon points="18.17,16.00 43.24,16.00 43.24,2.00 47.00,2.00 47.00,42.00 43.24,42.00 43.24,28.00 5.76,28.00 5.76,42.00 2.00,42.00 2.00,2.00 5.76,2.00 5.76,16.00" fill="none" stroke="black" stroke-width="0.5" />
<circle cx="10.62" cy="22.08" r="4.85" fill="none" stroke="black" stroke-width="0.5" />
<polygon points="33.99,24.23 34.48,24.99 35.09,25.64 35.86,26.19 36.83,26.62 37.52,26.78 37.89,26.82 38.42,26.84 38.97,26.80 39.33,26.74 40.01,26.54 40.98,26.06 41.79,25.39 42.44,24.58 42.88,23.69 43.11,22.85 43.18,22.00 43.11,21.15 42.88,20.32 42.58,19.67 42.13,18.99 41.63,18.46 40.90,17.90 40.35,17.60 40.01,17.46 39.45,17.29 39.04,17.21 38.52,17.16 38.04,17.16 37.58,17.21 37.06,17.32 36.65,17.45 36.13,17.67 35.79,17.86 35.29,18.20 35.02,18.43 34.59,18.88 34.38,19.15 34.04,19.68 33.88,19.99 33.66,20.57 33.57,20.92 33.47,21.50 33.45,21.91 33.46,22.45 33.53,22.92 33.64,23.37" fill="none" stroke="black" stroke-width="0.5" />
</svg><svg width="100%" height="100%" overflow="visible" id="layer_0007" viewBox="0 0 49.00 44.00"><circle cx="10.80" cy="22.01" r="4.86" fill="none" stroke="black" stroke-width="0.5" />
<polygon points="22.55,16.00 5.29,16.00 5.29,2.00 2.00,2.00 2.00,42.00 5.29,42.00 5.29,28.00 43.71,28.00 43.71,42.00 47.00,42.00 47.00,2.00 43.71,2.00 43.71,16.00" fill="none" stroke="black" stroke-width="0.5" />
<circle cx="38.16" cy="21.99" r="4.86" fill="none" stroke="black" stroke-width="0.5" />
</svg><svg width="100%" height="100%" overflow="visible" id="layer_0008" viewBox="0 0 49.00 44.00"><circle cx="10.99" cy="22.09" r="4.85" fill="none" stroke="black" stroke-width="0.5" />
<circle cx="37.99" cy="22.06" r="4.86" fill="none" stroke="black" stroke-width="0.5" />
<polygon points="24.12,28.00 5.29,28.00 5.29,42.00 2.00,42.00 2.00,2.00 5.29,2.00 5.29,16.00 43.71,16.00 43.71,2.00 47.00,2.00 47.00,42.00 43.71,42.00 43.71,28.00" fill="none" stroke="black" stroke-width="0.5" />
</svg><svg width="100%" height="100%" overflow="visible" id="layer_0009" viewBox="0 0 49.00 44.00"><polygon points="30.22,16.00 5.29,16.00 5.29,2.00 2.00,2.00 2.00,42.00 5.29,42.00 5.29,28.00 43.71,28.00 43.71,42.00 47.00,42.00 47.00,2.00 43.71,2.00 43.71,16.00" fill="none" stroke="black" stroke-width="0.5" />
<polygon points="37.85,17.16 37.25,17.18 36.91,17.23 36.31,17.36 36.03,17.46 35.42,17.74 35.16,17.89 34.44,18.44 33.96,18.94 33.42,19.75 33.06,20.65 32.88,21.61 32.90,22.56 33.10,23.48 33.47,24.33 33.99,25.10 34.65,25.75 35.41,26.26 36.38,26.66 37.16,26.81 37.45,26.84 38.07,26.83 38.53,26.78 38.97,26.69 39.57,26.48 39.83,26.37 40.52,25.98 41.31,25.29 41.92,24.49 42.31,23.67 42.53,22.85 42.61,22.00 42.53,21.13 42.31,20.35 42.16,19.98 41.89,19.48 41.64,19.10 41.29,18.69 40.97,18.38 40.55,18.06 40.16,17.80 39.71,17.58 39.24,17.39 38.80,17.28 38.26,17.18" fill="none" stroke="black" stroke-width="0.5" />
<circle cx="11.19" cy="22.05" r="4.86" fill="none" stroke="black" stroke-width="0.5" />
</svg><svg width="100%" height="100%" overflow="visible" id="layer_0010" viewBox="0 0 49.00 44.00"><circle cx="11.35" cy="22.01" r="4.86" fill="none" stroke="black" stroke-width="0.5" />
<polygon points="24.04,16.00 43.71,16.00 43.71,2.00 47.00,2.00 47.00,42.00 43.71,42.00 43.71,28.00 5.29,28.00 5.29,42.00 2.00,42.00 2.00,2.00 5.29,2.00 5.29,16.00" fill="none" stroke="black" stroke-width="0.5" />
<circle cx="37.56" cy="21.98" r="4.86" fill="none" stroke="black" stroke-width="0.5" />
</svg><svg width="100%" height="100%" overflow="visible" id="layer_0011" viewBox="0 0 49.00 44.00"><polygon points="25.54,28.00 5.29,28.00 5.29,42.00 2.00,42.00 2.00,2.00 5.29,2.00 5.29,16.00 43.71,16.00 43.71,2.00 47.00,2.00 47.00,42.00 43.71,42.00 43.71,28.00" fill="none" stroke="black" stroke-width="0.5" />
<polygon points="15.80,24.53 15.24,25.28 14.55,25.90 13.75,26.37 12.89,26.69 11.98,26.83 11.06,26.81 10.16,26.61 9.31,26.25 8.51,25.70 7.78,24.93 7.39,24.34 7.27,24.10 7.03,23.53 6.86,22.85 6.78,22.00 6.85,21.17 7.15,20.16 7.64,19.25 8.27,18.51 9.04,17.91 9.90,17.48 10.83,17.23 11.11,17.18 11.78,17.16 12.13,17.18 12.74,17.28 13.12,17.38 13.65,17.58 14.05,17.78 14.48,18.06 14.86,18.36 15.21,18.70 15.54,19.09 15.80,19.48 16.05,19.93 16.23,20.37 16.38,20.85 16.47,21.34 16.52,21.81 16.50,22.35 16.46,22.77 16.22,23.68" fill="none" stroke="black" stroke-width="0.5" />
<circle cx="37.39" cy="22.09" r="4.85" fill="none" stroke="black" stroke-width="0.5" />
</svg><svg width="100%" height="100%" overflow="visible" id="layer_0012" viewBox="0 0 49.00 44.00"><polygon points="13.11,16.00 5.29,16.00 5.29,2.00 2.00,2.00 2.00,42.00 5.29,42.00 5.29,28.00 20.92,28.00 20.92,16.00" fill="none" stroke="black" stroke-width="0.5" />
<polygon points="39.24,28.00 28.08,28.00 28.08,16.00 43.71,16.00 43.71,2.00 47.00,2.00 47.00,42.00 43.71,42.00 43.71,28.00" fill="none" stroke="black" stroke-width="0.5" />
<polygon points="11.18,26.80 12.10,26.84 13.01,26.71 13.88,26.40 14.68,25.94 15.38,25.33 15.69,24.96 15.95,24.59 16.38,23.76 16.64,22.85 16.71,21.89 16.59,20.93 16.28,20.01 15.79,19.15 15.12,18.41 14.31,17.82 13.39,17.40 12.40,17.19 11.72,17.16 11.38,17.18 10.76,17.28 10.39,17.38 9.85,17.58 9.46,17.78 9.01,18.06 8.64,18.36 8.28,18.70 7.96,19.08 7.71,19.45 7.48,19.86 7.29,20.28 7.07,21.03 6.97,22.00 7.05,22.85 7.25,23.62 7.57,24.33 8.07,25.06 8.68,25.68 9.44,26.21 10.28,26.59" fill="none" stroke="black" stroke-width="0.5" />
<polygon points="40.86,25.15 41.38,24.41 41.74,23.64 41.95,22.85 42.03,22.00 41.95,21.15 41.79,20.51 41.50,19.80 40.97,18.99 40.64,18.62 40.25,18.26 39.88,17.99 39.45,17.73 39.05,17.54 38.54,17.36 38.20,17.27 37.59,17.17 37.26,17.16 36.64,17.18 35.66,17.39 34.74,17.79 33.93,18.37 33.26,19.10 32.75,19.94 32.42,20.86 32.29,21.81 32.35,22.75 32.58,23.66 32.99,24.50 33.54,25.24 34.22,25.87 35.00,26.35 35.86,26.67 36.77,26.83 37.68,26.82 38.58,26.63 39.43,26.28 40.20,25.78" fill="none" stroke="black" stroke-width="0.5" />
</svg><svg width="100%" height="100%" overflow="visible" id="layer_0013" viewBox="0 0 49.00 44.00"><circle cx="11.93" cy="22.06" r="4.85" fill="none" stroke="black" stroke-width="0.5" />
<circle cx="36.97" cy="21.99" r="4.86" fill="none" stroke="black" stroke-width="0.5" />
<polygon points="41.67,16.00 43.71,16.00 43.71,2.00 47.00,2.00 47.00,42.00 43.71,42.00 43.71,28.00 30.22,28.00 30.22,16.00" fill="none" stroke="black" stroke-width="0.5" />
<polygon points="6.40,28.00 5.29,28.00 5.29,42.00 2.00,42.00 2.00,2.00 5.29,2.00 5.29,16.00 18.78,16.00 18.78,28.00" fill="none" stroke="black" stroke-width="0.5" />
</svg><svg width="100%" height="100%" overflow="visible" id="layer_0014" viewBox="0 0 49.00 44.00"><polygon points="33.94,25.95 33.25,25.35 32.68,24.63 32.26,23.83 32.00,22.96 31.94,22.61 31.90,22.02 31.98,21.15 32.08,20.71 32.25,20.20 32.50,19.69 32.76,19.25 33.08,18.84 33.39,18.52 33.79,18.17 34.18,17.90 34.57,17.68 35.05,17.47 35.41,17.35 36.01,17.22 36.37,17.17 36.98,17.16 37.30,17.18 37.98,17.31 38.91,17.64 39.76,18.17 40.48,18.86 41.04,19.67 41.40,20.48 41.59,21.33 41.64,22.00 41.57,22.85 41.36,23.64 41.00,24.40 40.53,25.08 39.92,25.70 39.16,26.23 38.31,26.60 37.42,26.80 36.50,26.84 35.60,26.70 34.73,26.40" fill="none" stroke="black" stroke-width="0.5" />
<polygon points="2.09,2.00 5.29,2.00 5.29,16.00 18.32,16.00 18.32,28.00 5.29,28.00 5.29,42.00 2.00,42.00 2.00,2.00" fill="none" stroke="black" stroke-width="0.5" />
<polygon points="35.63,28.00 30.68,28.00 30.68,16.00 43.71,16.00 43.71,2.00 47.00,2.00 47.00,42.00 43.71,42.00 43.71,28.00" fill="none" stroke="black" stroke-width="0.5" />
<circle cx="12.13" cy="22.09" r="4.85" fill="none" stroke="black" stroke-width="0.5" />
</svg><svg width="100%" height="100%" overflow="visible" id="layer_0015" viewBox="0 0 49.00 44.00"><polygon points="31.21,28.00 30.49,28.00 30.49,16.00 43.76,16.00 43.76,2.00 47.00,2.00 47.00,42.00 43.76,42.00 43.76,28.00" fill="none" stroke="black" stroke-width="0.5" />
<polygon points="7.63,21.14 7.90,20.21 8.12,19.74 8.36,19.34 8.67,18.91 8.99,18.57 9.40,18.20 9.74,17.96 10.25,17.67 10.60,17.51 11.20,17.31 11.52,17.24 12.20,17.16 12.48,17.16 13.43,17.26 14.19,17.48 15.09,17.94 15.87,18.58 16.50,19.35 16.95,20.22 17.22,21.16 17.29,22.12 17.17,23.07 16.87,23.96 16.41,24.78 16.14,25.12 15.80,25.49 15.07,26.06 14.26,26.49 13.37,26.76 12.46,26.85 11.54,26.77 10.66,26.51 9.83,26.10 9.09,25.54 8.47,24.84 8.02,24.08 7.78,23.48 7.63,22.86 7.55,22.00" fill="none" stroke="black" stroke-width="0.5" />
<polygon points="12.41,16.00 18.51,16.00 18.51,28.00 5.24,28.00 5.24,42.00 2.00,42.00 2.00,2.00 5.24,2.00 5.24,16.00" fill="none" stroke="black" stroke-width="0.5" />
<polygon points="33.11,25.40 33.81,25.99 34.61,26.43 35.47,26.72 36.37,26.84 37.29,26.79 38.18,26.58 39.01,26.19 39.77,25.66 40.40,25.00 40.93,24.18 41.21,23.50 41.31,23.10 41.39,22.76 41.45,22.00 41.38,21.16 41.17,20.38 40.80,19.58 40.24,18.81 39.93,18.49 39.51,18.13 39.16,17.90 38.65,17.62 38.29,17.47 37.70,17.29 37.36,17.22 36.70,17.16 35.69,17.23 34.73,17.52 33.85,17.99 33.08,18.63 32.47,19.40 32.03,20.28 31.77,21.21 31.71,22.14 31.82,23.00 31.91,23.35 32.10,23.90 32.26,24.24 32.53,24.69 32.82,25.08" fill="none" stroke="black" stroke-width="0.5" />
</svg><svg width="100%" height="100%" overflow="visible" id="layer_0016" viewBox="0 0 49.00 44.00"><polygon points="8.01,20.41 8.43,19.52 9.00,18.75 9.66,18.15 10.52,17.62 11.47,17.29 12.42,17.16 13.37,17.21 14.30,17.45 15.17,17.88 15.94,18.46 16.12,18.63 16.73,19.41 17.17,20.29 17.42,21.23 17.48,22.20 17.35,23.14 17.04,24.03 16.56,24.84 15.94,25.54 15.21,26.10 14.38,26.51 13.49,26.77 12.58,26.85 11.66,26.75 10.71,26.46 9.96,26.06 9.77,25.93 9.24,25.49 8.98,25.22 8.63,24.78 8.39,24.42 8.21,24.06 7.97,23.46 7.84,22.94 7.77,22.30 7.74,22.00 7.80,21.26" fill="none" stroke="black" stroke-width="0.5" />
<circle cx="36.44" cy="22.03" r="4.86" fill="none" stroke="black" stroke-width="0.5" />
<polygon points="42.70,41.20 42.69,28.00 30.29,28.00 30.29,16.00 42.69,16.00 42.69,2.00 47.00,2.00 47.00,42.00 42.69,42.00" fill="none" stroke="black" stroke-width="0.5" />
<polygon points="6.96,16.00 6.31,16.00 6.31,2.00 2.00,2.00 2.00,42.00 6.31,42.00 6.31,28.00 18.71,28.00 18.71,16.00" fill="none" stroke="black" stroke-width="0.5" />
</svg><svg width="100%" height="100%" overflow="visible" id="layer_0017" viewBox="0 0 49.00 44.00"><polygon points="7.61,5.16 7.62,16.00 19.00,16.00 19.00,28.00 7.62,28.00 7.62,42.00 2.00,42.00 2.00,2.00 7.62,2.00" fill="none" stroke="black" stroke-width="0.5" />
<polygon points="14.37,26.59 15.34,26.14 16.08,25.59 16.71,24.90 17.19,24.10 17.35,23.74 17.52,23.21 17.61,22.74 17.67,22.27 17.66,21.73 17.62,21.31 17.50,20.74 17.39,20.37 17.15,19.81 16.96,19.48 16.62,18.99 16.36,18.69 15.93,18.29 15.61,18.04 15.14,17.75 14.73,17.55 14.26,17.38 13.78,17.25 13.32,17.18 12.77,17.16 12.36,17.18 11.76,17.27 11.41,17.36 10.80,17.59 10.52,17.72 9.93,18.09 9.72,18.26 9.03,18.95 8.60,19.56 8.49,19.77 8.21,20.40 8.13,20.66 7.99,21.28 7.93,22.00 8.01,22.84 8.25,23.72 8.78,24.72 9.37,25.43 10.09,26.02 10.91,26.46 11.78,26.74 12.70,26.84 13.61,26.78" fill="none" stroke="black" stroke-width="0.5" />
<polygon points="41.39,38.84 41.38,42.00 47.00,42.00 47.00,2.00 41.38,2.00 41.38,16.00 30.00,16.00 30.00,28.00 41.38,28.00" fill="none" stroke="black" stroke-width="0.5" />
<circle cx="36.23" cy="22.13" r="4.85" fill="none" stroke="black" stroke-width="0.5" />
</svg><svg width="100%" height="100%" overflow="visible" id="layer_0018" viewBox="0 0 49.00 44.00"><polygon points="39.71,14.67 39.70,2.00 47.00,2.00 47.00,42.00 39.70,42.00 39.70,28.00 28.07,28.00 28.07,16.00 39.70,16.00" fill="none" stroke="black" stroke-width="0.5" />
<polygon points="4.46,2.00 2.00,2.00 2.00,42.00 9.30,42.00 9.30,28.00 20.93,28.00 20.93,16.00 9.30,16.00 9.30,2.00" fill="none" stroke="black" stroke-width="0.5" />
<circle cx="12.91" cy="22.07" r="4.85" fill="none" stroke="black" stroke-width="0.5" />
<polygon points="35.03,26.75 34.21,26.51 33.42,26.11 32.73,25.59 32.12,24.93 31.65,24.16 31.31,23.29 31.14,22.36 31.17,21.40 31.38,20.46 31.79,19.57 32.37,18.77 33.10,18.10 33.97,17.60 34.92,17.27 35.93,17.15 36.93,17.24 37.58,17.42 37.89,17.54 38.46,17.82 38.77,18.02 39.24,18.39 39.52,18.66 40.12,19.42 40.53,20.22 40.79,21.09 40.87,22.00 40.80,22.85 40.58,23.64 40.26,24.36 39.90,24.90 39.35,25.52 38.62,26.08 37.80,26.50 36.92,26.76 36.01,26.85" fill="none" stroke="black" stroke-width="0.5" />
</svg><svg width="100%" height="100%" overflow="visible" id="layer_0019" viewBox="0 0 49.00 44.00"><circle cx="35.90" cy="22.04" r="4.86" fill="none" stroke="black" stroke-width="0.5" />
<polygon points="37.51,28.54 37.50,28.00 11.50,28.00 11.50,42.00 2.00,42.00 2.00,2.00 11.50,2.00 11.50,16.00 37.50,16.00 37.50,2.00 47.00,2.00 47.00,42.00 37.50,42.00" fill="none" stroke="black" stroke-width="0.5" />
<polygon points="8.55,20.53 8.82,19.85 9.19,19.24 9.68,18.64 10.47,17.98 11.34,17.52 12.30,17.23 13.31,17.15 14.31,17.28 15.27,17.62 16.13,18.14 16.86,18.82 17.27,19.35 17.43,19.62 17.83,20.52 18.03,21.47 18.04,22.43 17.87,23.36 17.51,24.24 17.00,25.02 16.35,25.69 15.59,26.22 14.75,26.59 13.85,26.80 12.94,26.84 12.03,26.71 11.10,26.38 10.19,25.81 9.67,25.34 9.46,25.11 8.92,24.32 8.60,23.61 8.40,22.85 8.32,22.00 8.38,21.23" fill="none" stroke="black" stroke-width="0.5" />
</svg><svg width="100%" height="100%" overflow="visible" id="layer_0020" viewBox="0 0 49.00 44.00"><polygon points="16.14,16.00 14.54,16.00 14.54,2.00 2.00,2.00 2.00,42.00 14.54,42.00 14.54,28.00 34.46,28.00 34.46,42.00 47.00,42.00 47.00,2.00 34.46,2.00 34.46,16.00" fill="none" stroke="black" stroke-width="0.5" />
<polygon points="17.81,19.98 17.67,19.70 17.31,19.14 17.12,18.89 16.65,18.41 16.39,18.19 15.87,17.84 15.54,17.65 15.01,17.44 14.60,17.31 14.09,17.21 13.60,17.16 13.13,17.16 12.58,17.22 12.17,17.31 11.60,17.49 11.27,17.64 10.71,17.95 10.45,18.13 9.95,18.57 9.40,19.21 9.25,19.44 8.81,20.32 8.59,21.13 8.51,22.00 8.59,22.85 8.80,23.64 9.19,24.47 9.80,25.28 10.49,25.90 11.28,26.37 12.15,26.69 13.05,26.83 13.97,26.81 14.87,26.62 15.75,26.24 16.63,25.62 17.14,25.08 17.34,24.83 17.67,24.30 17.85,23.92 18.03,23.43 18.16,22.93 18.23,22.50 18.25,21.92 18.23,21.55 18.13,20.92 18.04,20.60" fill="none" stroke="black" stroke-width="0.5" />
<polygon points="38.30,26.05 39.05,25.43 39.65,24.72 40.08,23.93 40.35,23.14 40.42,22.77 40.49,22.00 40.40,21.11 40.14,20.21 39.68,19.33 39.05,18.57 38.54,18.13 38.28,17.94 37.74,17.64 37.40,17.49 36.86,17.32 35.95,17.16 34.98,17.20 34.01,17.43 33.34,17.72 33.07,17.87 32.56,18.23 32.30,18.46 31.86,18.91 31.65,19.19 31.33,19.70 31.16,20.05 30.96,20.59 30.86,20.99 30.77,21.53 30.75,21.99 30.77,22.48 30.85,22.99 30.95,23.37 31.15,23.92 31.29,24.22 31.61,24.75 31.75,24.95 32.28,25.53 33.11,26.16 33.94,26.55 34.83,26.78 35.75,26.84 36.65,26.73 37.53,26.46" fill="none" stroke="black" stroke-width="0.5" />
</svg><svg width="100%" height="100%" overflow="visible" id="layer_0021" viewBox="0 0 49.00 44.00"><polygon points="35.64,42.00 29.09,42.00 29.09,28.00 19.91,28.00 19.91,42.00 2.00,42.00 2.00,2.00 19.91,2.00 19.91,16.00 29.09,16.00 29.09,2.00 47.00,2.00 47.00,42.00" fill="none" stroke="black" stroke-width="0.5" />
<circle cx="35.37" cy="21.93" r="4.85" fill="none" stroke="black" stroke-width="0.5" />
<polygon points="9.53,19.31 9.75,19.01 10.17,18.54 10.44,18.30 10.97,17.91 11.29,17.73 11.92,17.45 12.23,17.35 12.92,17.20 13.16,17.17 14.02,17.17 14.93,17.35 15.83,17.70 16.18,17.92 16.57,18.17 17.32,18.89 17.89,19.75 18.26,20.65 18.43,21.61 18.40,22.66 18.15,23.65 17.83,24.35 17.70,24.58 17.30,25.12 16.61,25.79 15.91,26.26 15.10,26.61 14.15,26.82 13.03,26.82 12.20,26.65 11.94,26.56 11.35,26.31 11.02,26.12 10.56,25.80 10.20,25.49 9.89,25.16 9.55,24.71 9.39,24.47 9.00,23.67 8.78,22.83 8.70,22.00 8.79,21.10 9.02,20.30 9.23,19.83" fill="none" stroke="black" stroke-width="0.5" />
</svg></svg>